1 30.726713
100 31.284806
200 31.866038
300 31.943743
400 32.103647
500 32.052751
600 32.279896
700 32.198018
800 32.119907
900 32.269279
1000 32.414984
1100 32.265766
1200 32.238782
1300 32.433755
1400 32.337854
1500 32.514805
1600 32.500718
1700 32.366821
1800 32.293499
1900 32.461236
2000 32.479492
2100 32.586106
2200 32.438482
2300 32.429044
2400 32.586290
2500 32.496492
2600 32.479756
2700 32.515553
2800 32.525733
2900 32.463178
3000 32.687888
3100 32.418466
3200 32.585072
3300 32.572159
3400 32.482363
3500 32.583289
3600 32.577081
3700 32.749197
3800 32.474536
3900 32.578054
4000 32.647641
4100 32.476309
4200 32.605049
4300 32.667253
4400 32.610241
4500 32.656694
4600 32.565459
4700 32.506315
4800 32.685182
4900 32.720903
5000 32.536940
5100 32.604023
5200 32.611348
5300 32.628442
5400 32.834475
5500 32.516396
5600 32.665939
5700 32.674053
5800 32.787601
5900 32.447682
6000 32.560592
6100 32.739207
6200 32.561220
6300 32.650630
6400 32.805801
6500 32.683878
6600 32.579278
6700 32.713463
6800 32.517623
6900 32.820805
7000 32.530728
7100 32.723048
7200 32.482216
7300 32.804821
7400 32.703493
7500 32.683408
7600 32.664575
7700 32.629652
7800 32.636797
7900 32.672196
8000 32.799773
8100 32.597681
8200 32.678544
8300 32.598562
8400 32.627978
8500 32.703501
8600 32.620565
8700 32.614916
8800 32.805892
8900 32.552402
9000 32.712325
9100 32.646587
9200 32.569905
9300 32.667520
9400 32.703285
9500 32.699668
9600 32.660052
9700 32.486646
9800 32.828207
9900 32.596511
10000 32.732117
10100 32.597996
10200 32.497882
10300 32.681488
10400 32.720049
10500 32.603713
10600 32.575014
10700 32.655492
10800 32.686145
10900 32.667843
11000 32.542207
11100 32.664952
11200 32.780082
11300 32.603738
11400 32.604970
11500 32.728828
11600 32.676453
11700 32.507175
11800 32.697149
11900 32.607418
12000 32.703757
12100 32.522989
12200 32.600352
12300 32.649790
12400 32.584163
12500 32.664999
12600 32.675872
12700 32.573276
12800 32.541437
12900 32.620276
13000 32.691190
13100 32.643407
13200 32.628480
13300 32.634602
13400 32.570864
13500 32.635745
13600 32.467158
13700 32.703168
13800 32.577887
13900 32.667905
14000 32.474835
14100 32.544315
14200 32.723987
14300 32.574218
14400 32.632002
14500 32.586503
14600 32.594096
14700 32.604829
14800 32.492558
14900 32.573389
15000 32.642161
15100 32.533648
15200 32.642769
15300 32.579459
15400 32.537428
15500 32.545320
15600 32.507062
15700 32.588872
15800 32.621415
15900 32.543035
16000 32.568806
16100 32.365827
16200 32.683136
16300 32.655619
16400 32.607527
16500 32.469008
16600 32.522092
16700 32.527970
16800 32.612281
16900 32.528117
17000 32.476797
17100 32.634448
17200 32.382196
17300 32.590248
17400 32.565946
17500 32.558010
17600 32.334237
17700 32.700433
17800 32.518591
17900 32.464033
18000 32.639639
18100 32.534950
18200 32.436200
18300 32.533344
18400 32.569184
18500 32.418969
18600 32.407747
18700 32.621325
18800 32.435430
18900 32.510545
19000 32.576768
19100 32.534238
19200 32.442936
19300 32.449590
19400 32.455126
19500 32.603132
19600 32.458522
19700 32.395080
19800 32.530276
19900 32.468382
20000 32.402592
20100 32.717465
20200 32.507743
20300 32.482212
20400 32.560558
20500 32.440312
20600 32.492886
20700 32.678974
20800 32.321573
20900 32.558002
21000 32.529164
21100 32.481357
21200 32.442308
21300 32.522659
21400 32.572418
21500 32.612310
21600 32.451259
21700 32.530841
21800 32.537792
21900 32.514863
22000 32.617600
22100 32.369841
22200 32.435962
22300 32.493296
22400 32.581740
22500 32.518777
22600 32.515587
22700 32.577318
22800 32.388622
22900 32.598193
23000 32.537847
23100 32.452694
23200 32.451370
23300 32.567952
23400 32.610079
23500 32.515359
23600 32.347428
23700 32.467092
23800 32.443542
23900 32.621271
24000 32.483097
24100 32.602700
24200 32.483492
24300 32.469791
24400 32.528543
24500 32.613239
24600 32.460002
24700 32.439878
24800 32.485409
24900 32.585575
25000 32.500877
25100 32.542326
25200 32.457251
25300 32.605640
25400 32.465551
25500 32.549340
25600 32.521895
25700 32.452499
25800 32.561640
25900 32.429588
26000 32.535714
26100 32.464633
26200 32.608150
26300 32.492939
26400 32.456354
26500 32.554281
26600 32.629292
26700 32.342735
26800 32.466778
26900 32.600810
27000 32.423205
27100 32.578949
27200 32.558808
27300 32.457187
27400 32.597071
27500 32.448352
27600 32.440284
27700 32.615334
27800 32.490001
27900 32.371535
28000 32.586590
28100 32.460530
28200 32.535918
28300 32.566228
28400 32.651782
28500 32.361450
28600 32.398396
28700 32.656617
28800 32.536474
28900 32.417734
29000 32.699779
29100 32.461969
29200 32.447947
29300 32.533320
29400 32.584069
29500 32.534699
29600 32.424509
29700 32.488927
29800 32.438349
29900 32.532298
30000 32.554437
