1 0.6246
2 0.2415
3 0.8036
4 0.7812
5 0.9318
6 0.9611
7 0.9289
8 0.9573
9 0.9629
10 0.9757
11 0.9714
12 0.9808
13 0.9833
14 0.9794
15 0.9823
16 0.9908
17 0.9899
18 0.9898
19 0.9903
20 0.9914
21 0.9926
22 0.9936
23 0.9941
24 0.9937
25 0.9959
26 0.9961
27 0.9958
28 0.9952
29 0.9966
30 0.9976
31 0.9969
32 0.9967
33 0.9977
34 0.9981
35 0.9979
36 0.9977
37 0.9980
38 0.9984
39 0.9983
40 0.9983
41 0.9985
42 0.9987
43 0.9987
44 0.9988
45 0.9988
46 0.9988
47 0.9989
48 0.9990
49 0.9990
50 0.9989
51 0.9990
52 0.9991
53 0.9992
54 0.9991
55 0.9991
56 0.9992
57 0.9993
58 0.9992
59 0.9992
60 0.9993
61 0.9993
62 0.9993
63 0.9993
64 0.9993
65 0.9994
66 0.9994
67 0.9994
68 0.9994
69 0.9994
70 0.9994
71 0.9994
72 0.9994
73 0.9994
74 0.9994
75 0.9994
76 0.9994
77 0.9994
78 0.9994
79 0.9994
80 0.9995
81 0.9995
82 0.9995
83 0.9995
84 0.9995
85 0.9995
86 0.9995
87 0.9995
88 0.9995
89 0.9995
90 0.9995
91 0.9995
92 0.9995
93 0.9995
94 0.9995
95 0.9995
96 0.9995
97 0.9995
98 0.9995
99 0.9995
100 0.9995
101 0.9995
102 0.9995
103 0.9995
104 0.9995
105 0.9995
106 0.9995
107 0.9995
108 0.9996
109 0.9996
110 0.9996
111 0.9996
112 0.9996
113 0.9996
114 0.9996
115 0.9996
116 0.9996
117 0.9996
118 0.9996
119 0.9996
120 0.9996
121 0.9996
122 0.9996
123 0.9996
124 0.9996
125 0.9996
126 0.9996
127 0.9996
128 0.9996
129 0.9996
130 0.9996
131 0.9996
132 0.9996
133 0.9996
134 0.9996
135 0.9996
136 0.9996
137 0.9996
138 0.9996
139 0.9996
140 0.9996
141 0.9996
142 0.9996
143 0.9996
144 0.9996
145 0.9996
146 0.9996
147 0.9996
148 0.9996
149 0.9996
150 0.9996
151 0.9996
152 0.9996
153 0.9997
154 0.9997
155 0.9997
156 0.9997
157 0.9997
158 0.9997
159 0.9997
160 0.9997
161 0.9997
162 0.9997
163 0.9997
164 0.9997
165 0.9997
166 0.9997
167 0.9997
168 0.9997
169 0.9997
170 0.9997
171 0.9997
172 0.9997
173 0.9997
174 0.9997
175 0.9997
176 0.9997
177 0.9997
178 0.9997
179 0.9997
180 0.9997
181 0.9997
182 0.9997
183 0.9997
184 0.9997
185 0.9997
186 0.9997
187 0.9997
188 0.9997
189 0.9997
190 0.9997
191 0.9997
192 0.9997
193 0.9997
194 0.9997
195 0.9997
196 0.9997
197 0.9997
198 0.9997
199 0.9997
200 0.9997
201 0.9997
202 0.9997
203 0.9997
204 0.9997
205 0.9997
206 0.9997
207 0.9997
208 0.9997
209 0.9997
210 0.9997
211 0.9997
212 0.9997
213 0.9997
214 0.9997
215 0.9997
216 0.9997
217 0.9997
218 0.9998
219 0.9998
220 0.9998
221 0.9998
222 0.9998
223 0.9998
224 0.9998
225 0.9998
226 0.9998
227 0.9998
228 0.9998
229 0.9998
230 0.9998
231 0.9998
232 0.9998
233 0.9998
234 0.9998
235 0.9998
236 0.9998
237 0.9998
238 0.9998
239 0.9998
240 0.9998
241 0.9998
242 0.9998
243 0.9998
244 0.9998
245 0.9998
246 0.9998
247 0.9998
248 0.9998
249 0.9998
250 0.9998
251 0.9998
252 0.9998
253 0.9998
254 0.9998
255 0.9998
