1 8.955024
200 20.607762
400 25.981145
600 25.837839
800 26.111816
1000 25.737675
1200 25.964515
1400 25.797566
1600 25.825753
1800 25.459753
2000 25.849567
2200 26.429346
2400 25.683203
2600 26.448957
2800 25.520224
3000 25.717225
3200 25.741694
3400 26.179775
3600 25.576538
3800 25.887586
4000 25.489568
4200 26.061827
4400 25.915303
4600 25.839283
4800 25.596274
5000 25.876743
5200 25.788447
5400 25.531783
5600 26.134374
5800 25.759728
6000 25.643414
6200 26.335092
6400 25.656187
6600 25.965148
6800 25.744745
7000 25.953119
7200 25.695495
7400 25.705854
7600 26.222933
7800 25.755021
8000 26.138813
8200 25.868273
8400 26.138368
8600 25.984054
8800 25.484947
9000 25.647209
9200 25.841733
9400 25.554274
9600 25.779362
9800 25.640179
10000 25.493873
10200 25.657462
10400 25.835921
10600 25.506934
10800 25.513565
11000 25.632075
11200 26.090908
11400 26.155390
11600 25.849225
11800 25.669033
12000 25.925529
12200 25.514085
12400 25.800549
12600 25.826411
12800 25.898543
13000 25.951622
13200 25.574602
13400 11.286391
13600 26.355330
13800 25.851272
14000 25.990136
14200 25.959719
14400 25.458149
14600 25.625358
14800 26.289464
15000 25.745176
15200 25.808515
15400 25.996355
15600 26.045318
15800 26.053478
16000 25.686605
16200 26.040546
16400 26.385062
16600 25.538238
16800 25.743356
17000 25.395157
17200 25.990533
17400 25.761895
17600 25.451788
17800 25.818576
18000 26.088028
18200 25.576078
18400 25.853683
18600 25.984976
18800 26.247975
19000 25.662710
19200 25.833352
19400 25.939697
19600 25.935099
19800 25.874061
20000 25.749659
20200 25.602593
20400 25.636237
20600 25.819451
20800 25.745046
21000 25.491381
21200 25.476793
21400 25.783461
21600 25.876638
21800 25.689831
22000 25.981221
22200 25.357353
22400 25.885049
22600 25.909589
22800 25.677728
23000 25.528597
23200 25.702818
23400 25.604789
23600 25.449529
23800 26.003821
24000 25.981929
24200 25.939277
24400 25.668258
24600 26.117211
24800 25.682883
25000 25.570775
25200 25.672263
25400 25.588474
25600 25.932604
25800 26.061833
26000 25.662627
26200 25.857338
26400 25.760725
26600 25.247895
26800 25.869730
27000 25.856649
27200 25.613584
27400 25.895930
27600 26.064429
27800 25.725105
28000 25.482424
28200 26.076105
28400 25.593788
28600 25.656027
28800 25.901143
29000 25.779025
29200 25.023426
29400 25.515208
29600 26.009840
29800 25.857540
30000 26.143164
30200 26.245465
30400 25.740055
30600 25.854152
30800 26.215930
31000 26.017718
31200 26.460568
31400 25.803684
31600 25.698320
31800 26.012410
32000 26.448357
32200 26.126752
32400 25.913577
32600 25.997705
32800 26.360487
33000 25.879065
33200 25.928404
33400 26.298440
33600 26.153626
33800 25.739032
34000 25.732497
34200 25.824427
34400 25.666000
34600 26.092499
34800 25.815178
35000 26.423278
35200 26.044173
35400 25.710308
35600 26.043404
35800 26.070763
36000 25.754338
36200 25.965643
36400 26.663057
36600 25.969246
36800 25.891614
37000 25.900613
37200 26.183583
37400 25.834243
37600 25.632922
37800 25.605514
38000 25.921059
38200 25.685500
38400 25.236034
38600 26.082197
38800 26.266862
39000 26.408523
39200 25.516081
39400 26.005491
39600 25.831015
39800 25.864859
40000 26.100496
40200 26.140097
40400 25.707082
40600 26.041774
40800 25.945421
41000 26.436033
41200 25.650141
41400 25.783371
41600 26.147293
41800 26.243727
42000 25.956846
42200 25.836014
42400 25.736877
42600 25.901261
42800 25.847708
43000 25.885902
43200 25.855141
43400 25.952093
43600 25.943346
43800 25.825245
44000 26.366538
44200 26.143333
44400 25.723943
44600 25.724699
44800 26.096683
45000 25.802971
45200 26.184139
45400 26.089670
45600 26.105018
45800 26.498590
46000 25.919459
46200 25.462872
46400 25.834109
46600 26.184074
46800 26.135154
47000 26.140129
47200 25.604164
47400 25.835301
47600 26.277507
47800 26.072133
48000 25.968852
48200 25.965329
48400 25.817183
48600 25.956925
48800 26.134793
49000 26.199777
49200 25.782042
49400 26.120765
49600 25.891706
49800 26.138416
50000 25.553496
