1 26.548662
200 25.861756
400 26.015906
600 26.069386
800 25.982026
1000 26.007732
1200 26.112034
1400 25.979801
1600 26.075649
1800 26.197931
2000 26.017915
2200 26.023774
2400 25.965095
2600 26.061807
2800 25.976416
3000 26.018920
3200 25.886685
3400 25.886591
3600 25.896345
3800 25.992753
4000 25.866779
4200 26.155756
4400 25.896682
4600 25.864658
4800 26.019415
5000 25.799347
5200 25.939685
5400 25.993596
5600 25.977558
5800 25.892709
6000 26.132346
6200 26.096764
6400 25.855617
6600 25.824613
6800 26.162954
7000 25.923410
7200 25.937128
7400 25.842518
7600 25.850170
7800 26.163142
8000 25.905914
8200 26.038020
8400 26.059728
8600 25.930122
8800 25.940524
9000 25.957836
9200 25.884218
9400 25.962528
9600 25.924193
9800 25.920880
10000 25.989271
10200 25.820755
10400 26.026298
10600 26.102089
10800 26.246071
11000 25.962699
11200 25.809686
11400 26.030550
11600 26.039437
11800 25.940887
12000 26.308926
12200 26.075432
12400 25.865634
12600 26.242068
12800 25.875992
13000 26.085237
13200 25.797214
13400 26.033546
13600 25.925388
13800 25.907163
14000 25.974349
14200 25.862216
14400 25.754951
14600 26.200495
14800 25.981914
15000 25.862418
15200 25.823345
15400 26.039645
15600 26.266849
15800 25.997877
16000 26.027100
16200 25.933451
16400 26.014128
16600 25.924293
16800 26.013615
17000 26.132658
17200 26.051178
17400 26.145124
17600 25.733754
17800 25.879249
18000 25.830898
18200 26.100457
18400 25.773408
18600 26.036654
18800 26.047743
19000 25.854995
19200 26.055970
19400 25.953743
19600 26.206801
19800 25.826242
20000 25.736316
20200 25.897933
20400 25.989839
20600 25.929261
20800 26.032571
21000 25.911385
21200 25.974133
21400 26.022089
21600 25.725167
21800 26.040505
22000 26.115014
22200 26.106760
22400 26.032362
22600 26.099339
22800 26.033821
23000 26.074171
23200 25.927567
23400 25.909647
23600 26.070546
23800 26.043229
24000 26.023467
24200 26.044357
24400 25.906094
24600 26.078943
24800 26.039240
25000 25.889883
25200 26.099783
25400 26.118150
25600 26.042244
25800 26.015318
26000 25.896282
26200 25.676608
26400 25.921800
26600 26.108253
26800 25.968862
27000 25.986925
27200 25.901819
27400 26.165044
27600 26.160728
27800 26.019287
28000 25.786585
28200 26.169764
28400 26.163484
28600 26.045882
28800 25.922878
29000 25.874964
29200 25.902175
29400 25.873547
29600 25.799294
29800 25.900366
30000 26.043077
