1 29.239755
200 23.861012
400 25.865756
600 25.855447
800 25.801911
1000 26.034481
1200 25.991784
1400 25.709898
1600 25.954489
1800 25.956332
2000 25.951151
2200 25.891038
2400 26.067269
2600 26.070039
2800 26.058668
3000 25.879810
3200 26.206943
3400 25.805479
3600 25.820268
3800 25.963388
4000 26.115279
4200 26.056334
4400 26.018946
4600 25.857765
4800 26.109820
5000 25.903548
5200 25.985976
5400 26.047933
5600 25.948323
5800 25.732485
6000 25.872542
6200 25.989518
6400 25.856345
6600 26.190218
6800 25.964295
7000 26.089501
7200 26.000269
7400 25.831484
7600 25.906408
