1 11.921071
100 20.362395
200 24.851229
300 24.232291
400 24.846579
500 24.560660
600 24.218046
700 25.337302
800 24.907382
900 24.690946
1000 25.334479
1100 24.807495
1200 25.641318
1300 24.503580
1400 24.631497
1500 23.976693
1600 25.457647
1700 23.988894
1800 24.348448
1900 24.815028
2000 24.407322
2100 24.640873
2200 24.747851
2300 24.126969
2400 24.247114
2500 24.391799
2600 24.900676
2700 24.257518
2800 24.164702
2900 24.203847
3000 24.748732
3100 24.954657
3200 24.124104
3300 24.801144
3400 24.575516
3500 23.912583
3600 24.237792
3700 24.766236
3800 24.135488
3900 24.871717
4000 24.442885
4100 25.061758
4200 24.736913
4300 24.554610
4400 24.448534
4500 24.008556
4600 25.088567
4700 24.393865
4800 24.363272
4900 24.357132
5000 24.879245
5100 24.444378
5200 23.942218
5300 24.434865
