1 28.053436
100 30.559113
200 31.031546
300 31.534758
400 31.734958
500 31.919920
600 32.093345
700 32.197933
800 32.208799
900 32.340980
1000 32.361644
1100 32.442666
1200 32.466441
1300 32.537785
1400 32.532442
1500 32.531781
1600 32.567821
1700 32.588085
1800 32.581982
1900 32.688163
2000 32.624475
2100 32.703810
2200 32.718479
2300 32.702757
2400 32.795326
2500 32.708566
2600 32.718245
2700 32.804823
2800 32.794262
2900 32.773133
3000 32.834313
3100 32.788973
3200 32.847023
3300 32.827955
3400 32.886104
