1 14.672879
200 28.156959
400 29.206870
600 28.917990
800 29.412937
1000 29.279873
1200 29.111282
1400 29.116544
1600 29.032811
1800 29.205981
2000 29.354445
2200 29.463598
2400 29.144741
2600 29.041844
2800 29.243810
3000 29.332720
3200 29.273060
3400 29.355257
3600 29.154275
3800 29.237779
4000 29.461527
4200 28.978584
4400 29.608740
4600 29.264011
4800 29.736909
5000 29.195033
5200 29.138594
5400 29.121846
5600 29.313944
5800 29.205769
6000 29.133425
6200 29.122128
6400 29.287207
6600 28.778751
6800 29.203694
7000 29.306397
7200 29.090524
7400 29.370934
7600 29.132209
7800 29.168998
8000 28.941867
8200 28.701501
8400 29.144562
8600 28.942160
8800 28.769490
9000 29.741570
9200 29.307281
9400 29.309133
9600 28.889270
9800 29.223966
10000 29.583707
10200 29.692476
10400 29.308284
10600 29.227973
10800 29.418439
11000 29.272361
11200 28.570371
11400 29.025862
11600 29.005544
11800 29.648396
12000 29.465685
12200 29.041253
12400 29.022485
12600 29.654460
12800 29.373103
13000 29.348615
13200 29.582856
13400 29.738273
13600 28.888426
13800 29.013507
14000 29.289781
14200 28.822017
14400 29.194422
14600 28.961749
14800 29.804529
15000 29.168454
15200 29.092284
15400 29.460740
15600 29.283140
15800 29.038938
16000 29.091825
16200 29.043929
16400 29.213598
16600 28.738222
16800 29.421619
17000 28.967257
17200 29.522576
17400 29.585573
17600 29.673514
17800 29.189026
18000 29.180736
18200 29.315382
18400 29.149144
18600 29.280986
18800 29.019556
19000 29.364971
19200 28.848644
19400 29.188983
19600 29.259498
19800 29.184931
20000 29.068278
20200 28.846543
20400 29.603491
20600 28.907165
20800 29.457979
21000 29.604338
21200 29.026630
21400 29.337803
21600 29.586653
21800 29.036752
22000 29.575125
22200 29.496526
22400 29.180288
22600 29.081292
22800 29.350731
23000 29.050128
23200 28.647455
23400 29.262873
23600 29.270305
23800 29.012803
24000 28.741982
24200 29.365152
24400 29.092328
24600 29.222969
24800 29.371343
25000 29.288513
25200 29.194329
25400 29.472147
25600 29.203006
25800 29.182493
26000 29.361678
26200 28.889435
26400 28.986325
26600 28.971074
26800 29.539097
27000 29.234689
27200 29.459312
27400 29.011451
27600 28.979903
27800 29.126901
28000 29.200767
28200 29.522589
28400 29.154710
28600 29.757530
28800 29.011938
29000 29.628819
29200 29.431668
29400 29.528693
29600 28.814465
29800 28.802450
30000 29.408810
30200 29.108002
30400 29.183772
30600 29.050961
30800 29.396809
31000 29.032238
31200 29.009449
31400 29.468258
31600 29.030666
31800 28.985908
32000 29.356232
32200 29.101629
32400 29.611084
32600 29.513875
32800 29.470741
33000 29.081077
33200 29.066110
33400 29.228779
33600 28.989910
33800 29.378533
34000 29.187162
34200 29.090564
34400 29.298374
34600 29.403767
34800 28.963906
35000 29.062353
35200 29.094315
35400 29.389575
35600 29.207505
35800 29.401553
36000 29.062102
36200 28.863676
36400 29.076005
36600 29.115675
36800 29.099474
37000 29.263460
37200 28.922133
37400 29.348259
37600 28.850734
37800 29.304994
38000 29.047559
38200 29.338390
38400 29.122241
38600 29.478921
38800 29.246442
39000 29.501036
39200 29.427456
39400 29.531746
39600 28.928747
39800 28.609661
40000 29.645945
40200 29.548110
40400 28.827756
40600 30.000369
40800 29.152011
41000 29.151538
41200 29.252810
41400 29.241304
41600 29.197286
41800 29.618234
42000 29.215409
42200 29.404343
42400 29.187587
42600 29.257748
42800 28.742527
43000 29.079355
43200 29.206804
43400 29.015616
43600 28.909431
43800 29.507741
44000 29.482834
44200 29.615509
44400 28.952988
44600 28.891858
44800 29.087164
45000 29.581160
45200 28.969437
45400 29.022177
45600 29.291208
45800 28.665728
46000 29.084544
46200 29.533015
46400 29.197019
46600 29.122061
46800 29.335139
47000 28.990927
47200 28.827539
47400 29.602797
47600 29.093697
47800 29.232835
48000 29.092342
48200 29.226693
48400 29.572171
48600 28.924334
48800 29.493353
49000 29.109414
49200 29.143264
49400 28.995845
49600 29.434060
49800 29.252340
50000 29.093068
50200 28.931691
50400 29.176240
50600 29.358878
50800 29.689601
51000 29.092725
51200 29.084839
51400 29.184489
51600 29.725213
51800 28.601323
52000 29.245168
52200 29.175200
52400 28.980768
52600 29.692214
52800 29.020284
53000 29.455718
53200 28.838571
53400 29.371630
53600 29.266610
53800 29.451670
54000 29.302503
54200 29.512154
54400 29.016949
54600 29.175863
54800 29.306513
55000 29.062081
55200 29.261623
55400 29.303860
55600 29.271080
55800 29.522232
56000 28.973569
56200 28.884437
56400 28.978690
56600 29.081226
56800 29.242647
57000 29.479306
57200 29.503017
57400 29.354798
57600 29.318304
57800 29.262115
58000 28.884988
58200 29.257525
58400 29.138716
58600 29.022034
58800 29.115861
59000 29.415094
59200 29.634782
59400 29.227659
59600 29.550522
59800 29.188875
60000 28.977164
60200 29.432235
60400 29.305828
60600 28.930623
60800 29.223847
61000 28.938073
61200 29.510552
61400 29.297956
61600 29.036198
61800 29.428521
62000 29.518592
62200 29.309508
62400 28.684267
62600 28.835095
62800 29.032536
63000 28.747416
63200 29.348402
63400 28.932080
63600 28.784275
63800 28.938448
64000 29.383771
64200 29.442524
64400 29.123427
64600 29.392198
64800 29.304862
65000 28.952169
65200 28.657363
65400 29.105562
65600 29.235386
65800 29.010096
66000 29.058442
66200 29.628314
66400 29.167658
66600 29.193708
66800 29.384767
67000 29.018912
67200 29.230483
67400 29.052856
67600 28.769795
67800 29.838560
68000 29.352223
68200 29.305397
68400 29.308337
68600 29.144494
68800 29.341904
69000 29.238217
69200 28.696146
69400 29.147086
69600 28.996027
69800 29.263279
70000 29.190816
70200 29.421133
70400 29.756597
70600 29.706211
70800 28.956411
71000 29.100533
71200 29.431513
71400 29.635381
71600 29.478663
71800 28.943399
72000 29.602177
72200 29.628164
72400 29.311865
72600 29.502788
72800 29.142398
73000 29.537713
73200 29.105415
73400 29.378193
73600 29.227458
73800 29.485495
74000 29.776612
74200 29.355927
74400 29.540984
74600 29.140964
74800 29.631261
75000 28.462998
75200 29.137085
75400 29.186788
75600 29.426524
75800 28.764649
76000 29.134609
76200 29.186265
76400 29.702049
76600 28.863489
76800 28.854838
77000 29.109638
77200 29.422719
77400 29.107845
77600 28.877289
77800 28.752007
78000 29.419416
78200 29.370922
78400 29.427885
78600 29.383873
78800 29.145488
79000 29.130884
79200 29.027918
79400 29.308314
79600 29.114325
79800 29.320823
80000 29.277612
80200 29.174024
80400 28.627891
80600 29.034096
80800 29.193606
81000 28.653590
81200 29.118868
81400 29.328905
81600 29.331739
81800 29.562075
82000 29.267317
82200 29.070391
82400 29.368446
82600 29.151748
82800 29.536083
83000 29.174874
83200 28.927252
83400 29.031081
83600 29.291481
83800 28.927394
84000 29.286526
84200 29.409151
84400 29.131358
84600 28.723467
84800 29.534269
85000 29.330364
85200 29.153898
85400 29.500777
85600 29.205882
85800 28.952234
86000 29.742888
86200 29.338799
86400 29.465323
86600 28.698161
86800 28.953778
87000 29.303774
87200 29.470185
87400 29.618060
87600 29.257515
87800 29.302716
88000 29.531635
88200 28.915065
88400 29.083031
88600 29.234219
88800 29.164621
89000 29.465565
89200 29.590805
89400 29.172681
89600 28.782777
89800 28.927794
90000 29.524018
90200 29.481757
90400 29.098890
90600 29.245327
90800 29.537241
91000 29.306916
91200 29.442199
91400 29.111938
91600 29.164583
91800 29.428491
92000 29.374830
92200 28.426135
92400 29.371240
92600 29.831876
92800 29.167321
93000 29.723976
93200 29.140015
93400 28.813733
93600 28.966608
93800 29.265339
94000 29.150120
94200 29.327678
94400 29.093688
94600 29.241513
94800 29.045412
95000 29.217429
95200 28.909752
95400 29.142193
95600 29.451000
95800 29.501298
96000 29.505195
96200 29.060231
96400 29.367396
96600 29.571616
96800 28.757087
97000 29.075616
97200 29.323539
97400 29.194049
97600 29.360500
97800 29.045943
98000 29.105543
98200 29.273899
98400 29.213049
98600 29.437616
98800 28.993532
99000 29.110297
99200 28.842705
99400 29.308035
99600 28.909735
99800 28.981121
100000 29.176275
