1 4.472490
200 17.739641
400 25.859011
600 25.595477
800 26.124325
1000 25.834501
1200 25.991073
1400 25.567858
1600 25.992551
1800 25.885339
2000 26.139730
2200 26.059227
2400 25.880725
2600 25.721149
2800 25.858428
3000 25.769892
3200 26.012318
3400 26.029283
3600 26.151110
3800 25.558439
4000 25.506272
4200 25.734598
4400 25.903427
4600 25.998550
4800 25.904933
5000 25.905892
5200 25.830594
5400 26.055983
5600 26.391226
5800 26.078115
6000 25.601085
6200 25.589461
6400 25.178666
6600 25.568233
6800 25.759890
7000 25.609213
7200 25.243992
7400 25.735270
7600 25.932719
7800 25.780058
8000 25.847949
8200 25.543644
8400 26.003228
8600 26.233320
8800 25.832123
9000 25.687108
9200 25.797454
9400 25.916024
9600 25.739094
9800 25.510072
10000 25.949270
10200 25.377738
10400 25.989609
10600 25.735540
10800 26.006137
11000 24.447466
11200 25.194085
11400 25.468666
11600 25.600595
11800 25.954837
12000 24.590239
12200 25.750833
12400 25.454778
12600 25.611852
12800 26.139281
13000 25.721813
13200 25.628404
13400 26.378148
13600 25.399964
13800 26.245691
14000 25.407933
14200 25.521286
14400 25.530625
14600 25.043644
14800 25.280603
15000 25.720065
15200 25.817568
15400 25.746987
15600 26.184104
15800 25.311109
16000 26.224332
16200 25.329519
16400 25.873362
16600 25.548990
16800 26.065147
17000 25.757453
17200 25.845797
17400 25.837959
17600 25.535262
17800 25.350735
18000 25.348725
18200 25.609417
18400 25.660454
18600 21.585990
18800 25.806101
19000 26.048951
19200 25.689658
19400 25.754480
19600 25.926281
19800 26.014458
20000 25.618884
20200 25.507856
20400 25.673713
20600 25.650379
20800 25.870200
21000 25.760671
21200 25.632837
21400 25.800004
21600 25.847187
21800 25.580921
22000 25.661499
22200 25.476250
22400 25.752378
22600 25.459035
22800 25.771466
23000 25.613684
23200 25.240722
23400 25.972358
23600 25.450977
23800 26.123938
24000 25.882497
24200 25.653022
24400 25.783974
24600 25.437303
24800 26.028840
25000 25.578004
25200 25.652523
25400 26.022982
25600 25.682647
25800 25.853413
26000 25.579351
26200 25.799580
26400 26.041589
26600 25.730293
26800 26.206810
27000 25.726594
27200 25.556330
27400 25.903516
27600 26.147031
27800 25.412018
28000 26.262604
28200 26.094468
28400 25.412653
28600 26.062698
28800 25.899720
29000 26.648646
29200 25.722382
29400 26.205426
29600 25.310903
29800 25.681475
30000 25.829963
30200 25.419516
30400 25.317536
30600 26.021592
30800 26.026374
31000 25.661936
31200 26.182063
31400 26.113732
31600 26.019298
31800 26.376785
32000 25.701459
32200 25.781062
32400 25.425625
32600 26.323281
32800 26.129638
33000 25.845353
33200 25.489122
33400 26.058258
33600 25.811981
33800 26.153978
34000 26.055880
34200 26.061532
34400 26.345415
34600 25.786018
34800 25.953842
35000 26.220498
35200 25.800734
35400 26.082249
35600 26.314986
35800 26.202835
36000 26.013162
36200 25.645576
36400 25.731696
36600 25.906970
36800 26.301129
37000 25.997480
37200 26.516166
37400 26.038229
37600 25.999448
37800 26.133945
38000 25.641935
38200 25.823370
38400 25.726451
38600 26.075571
38800 25.952286
39000 25.673799
39200 26.373540
39400 25.942740
39600 26.073106
39800 25.997317
40000 26.154896
40200 25.830476
40400 25.912809
40600 25.762894
40800 25.798828
41000 25.315957
41200 26.159410
41400 26.298236
41600 25.507188
41800 25.559280
42000 26.090278
42200 25.775146
42400 26.231929
42600 26.212147
42800 25.848102
43000 26.038190
43200 25.666893
43400 25.995049
43600 26.238222
43800 25.493831
44000 26.175687
44200 25.848384
44400 26.051677
44600 25.939419
44800 25.470016
45000 25.905130
45200 25.847623
45400 26.560704
45600 26.014194
45800 25.824205
46000 26.227877
46200 25.839778
46400 26.221638
46600 25.984208
46800 25.880830
47000 26.559579
47200 25.887296
47400 26.038195
47600 26.160659
47800 26.123489
48000 25.450637
48200 25.765662
48400 25.946299
48600 25.954429
48800 25.873175
49000 25.570882
49200 26.223733
49400 26.204155
49600 26.239756
49800 26.510671
50000 26.021504
