1 28.974173
100 30.974333
200 31.823360
300 32.209145
400 32.318968
500 32.261192
600 32.224824
700 32.729760
800 32.296053
900 32.329123
1000 32.348334
1100 32.755201
1200 32.516944
1300 32.759405
1400 32.532511
1500 32.568297
1600 32.647655
1700 32.736585
1800 32.629099
1900 32.722016
2000 32.649513
2100 32.602751
2200 32.726370
2300 32.891164
2400 32.720152
2500 32.744412
2600 32.661676
2700 32.827129
2800 32.754483
2900 32.834640
3000 32.743044
3100 32.672229
3200 32.786092
3300 32.849788
3400 32.817027
3500 32.800602
3600 32.659682
3700 33.006538
3800 32.802293
3900 32.825396
4000 32.737781
4100 32.847373
4200 32.814887
4300 32.773136
4400 32.838063
4500 32.960323
4600 32.985407
4700 32.721728
4800 32.818695
4900 33.003584
5000 32.690622
5100 32.784781
5200 32.895082
5300 32.842052
5400 33.059308
5500 32.761882
5600 32.794085
5700 32.874003
5800 32.926770
5900 32.810327
6000 32.892582
6100 32.941793
6200 32.904612
6300 32.917181
6400 32.998628
6500 33.030177
6600 32.904163
6700 32.941797
6800 32.982664
6900 33.013129
7000 32.909864
7100 33.017776
7200 32.992086
7300 32.884997
7400 33.142833
7500 32.766567
7600 33.007782
7700 32.923412
7800 33.018016
7900 32.968856
8000 33.118192
8100 32.883430
8200 32.872066
8300 32.937125
8400 33.050590
8500 32.886713
8600 33.018410
8700 33.068676
8800 32.878795
8900 32.943197
9000 33.146373
9100 32.824954
9200 32.975343
9300 33.059799
9400 32.903257
9500 32.912675
9600 33.080472
9700 32.962634
9800 32.960395
9900 32.988715
10000 33.128018
10100 32.840511
10200 33.001910
10300 33.037180
10400 32.800349
10500 33.078441
10600 32.973323
10700 33.019544
10800 33.064979
10900 32.827598
11000 33.021838
11100 32.988700
11200 32.938464
11300 33.030132
11400 33.072924
11500 32.880628
11600 33.023670
11700 32.992941
11800 32.813337
11900 33.027886
12000 33.061697
12100 32.886825
12200 32.946609
12300 33.053771
12400 32.987314
12500 33.059027
12600 32.958947
12700 33.029823
12800 32.956094
12900 32.956895
13000 33.027012
13100 32.940509
13200 33.051549
13300 33.000332
13400 32.965759
13500 33.004615
13600 32.884290
13700 33.043119
13800 32.980851
13900 33.033035
14000 33.004867
14100 32.960540
14200 32.910417
14300 33.057515
14400 33.067708
14500 32.945610
14600 32.940236
14700 33.203690
14800 32.939809
14900 32.928973
15000 32.946610
15100 32.976266
15200 32.807859
15300 33.047806
15400 33.155311
15500 32.954684
15600 32.995870
15700 32.969662
15800 32.951280
15900 33.035925
16000 33.032160
16100 32.939828
16200 32.956331
16300 33.157372
16400 32.974038
16500 32.966008
16600 32.977652
16700 32.987822
16800 33.011801
16900 33.053424
17000 32.926182
17100 33.093729
17200 32.829800
17300 32.942477
17400 33.176285
17500 32.968786
17600 32.851992
17700 33.146387
17800 32.968455
17900 32.994115
18000 32.956800
